Entry	Entry Name	Protein names	Gene Names	Organism	Organism (ID)	Length	Sequence	3D	Protein families	Motif	Repeat	Domain [CC]	Domain [FT]	Sequence similarities	EC number	Rhea ID	Catalytic activity	Function [CC]	DOI ID	EC_key
Q05593	CBIL_SALTY	Cobalt-precorrin-2 C(20)-methyltransferase (EC 2.1.1.151) (S-adenosyl-L-methionine--cobalt-precorrin-2 methyltransferase)	cbiL STM2024	Salmonella typhimurium (strain LT2 / SGSC1412 / ATCC 700720)	99287	237	MNGKLYALSTGPGAPDLITVRAARILGSLDILYAPAGRKGGDSLALSIVRDYLGEQTEVRCCHFPMSADGAEKEAVWNEVAAALTAEVEAGKQVGFITLGDAMLFSTWIFLLQRIGCPEWLEIVPGVTSFAAIAARAKMPLAIERQSLAVISCTAPEAEIAQALQQHDSLVLMKVYGRFARIKALLAQAGLLECALMMSEATLPGEQCWRHLHEVNDDRPLPYFSTILVNKQWEYAE		Precorrin methyltransferase family					SIMILARITY: Belongs to the precorrin methyltransferase family. {ECO:0000305}.	2.1.1.151	RHEA:17997	CATALYTIC ACTIVITY: Reaction=Co-precorrin-2 + S-adenosyl-L-methionine = Co-precorrin-3 + S-adenosyl-L-homocysteine + H(+); Xref=Rhea:RHEA:17997, ChEBI:CHEBI:15378, ChEBI:CHEBI:57856, ChEBI:CHEBI:59789, ChEBI:CHEBI:60053, ChEBI:CHEBI:60060; EC=2.1.1.151;	FUNCTION: Methylates cobalt-precorrin-2 at the C-20 position to produce cobalt-precorrin-3A in the anaerobic cobalamin biosynthesis pathway.	10.1128/jb.175.11.3303-3316.1993; 10.1038/35101614; 10.1016/0014-5793(92)80213-z	2.1.1.151
Q58181	CBIL_METJA	Probable cobalt-precorrin-2 C(20)-methyltransferase (EC 2.1.1.151) (S-adenosyl-L-methionine--cobalt-precorrin-2 methyltransferase)	cbiL MJ0771	Methanocaldococcus jannaschii (strain ATCC 43067 / DSM 2661 / JAL-1 / JCM 10045 / NBRC 100440) (Methanococcus jannaschii)	243232	230	MNKLVKKVYGVGVGVGDKKLLTLKALEVLKKVDKIFVPVSKKGKKSIAYEIIKDYVDGKNIEELLFPMIKDKERLKKYWENALEKVLKEDGEVAIITIGDPTLYSTFSYVWKLLKERGVEVEIVNGISSIFASAAALNIPLVEGDEKLCILPQGKDLEKYIDEFDTIIIMKTKNLNEKLSVIKNRDDYIIGLVKRATFEDEKVVIGKLDEINFDEFNDYLSLAIIKRFKR		Precorrin methyltransferase family					SIMILARITY: Belongs to the precorrin methyltransferase family. {ECO:0000305}.	2.1.1.151	RHEA:17997	CATALYTIC ACTIVITY: Reaction=Co-precorrin-2 + S-adenosyl-L-methionine = Co-precorrin-3 + S-adenosyl-L-homocysteine + H(+); Xref=Rhea:RHEA:17997, ChEBI:CHEBI:15378, ChEBI:CHEBI:57856, ChEBI:CHEBI:59789, ChEBI:CHEBI:60053, ChEBI:CHEBI:60060; EC=2.1.1.151;	FUNCTION: Methylates cobalt-precorrin-2 at the C-20 position to produce cobalt-precorrin-3A in the anaerobic cobalamin biosynthesis pathway. {ECO:0000250}.	10.1126/science.273.5278.1058	2.1.1.151
